0 0.000001 
100 0.000001 
200 0.000001 
300 0.000001 
400 0.000002 
500 0.000002 
600 0.000003 
700 0.000003 
800 0.000003 
900 0.000004 
1000 0.000004 
1100 0.000005 
1200 0.000006 
1300 0.000005 
1400 0.000006 
1500 0.000006 
1600 0.000006 
1700 0.000007 
1800 0.000008 
1900 0.000008 
2000 0.000009 
2100 0.000009 
2200 0.000010 
2300 0.000010 
2400 0.000010 
2500 0.000011 
2600 0.000011 
2700 0.000012 
2800 0.000025 
2900 0.000012 
3000 0.000012 
3100 0.000013 
3200 0.000013 
3300 0.000014 
3400 0.000015 
3500 0.000014 
3600 0.000015 
3700 0.000016 
3800 0.000016 
3900 0.000016 
4000 0.000017 
4100 0.000017 
4200 0.000017 
4300 0.000017 
4400 0.000018 
4500 0.000019 
4600 0.000019 
4700 0.000019 
4800 0.000020 
4900 0.000020 
5000 0.000021 
5100 0.000022 
5200 0.000022 
5300 0.000022 
5400 0.000023 
5500 0.000023 
5600 0.000023 
5700 0.000024 
5800 0.000024 
5900 0.000024 
6000 0.000025 
6100 0.000025 
6200 0.000026 
6300 0.000026 
6400 0.000026 
6500 0.000027 
6600 0.000027 
6700 0.000028 
6800 0.000028 
6900 0.000028 
7000 0.000029 
7100 0.000029 
7200 0.000029 
7300 0.000066 
7400 0.000031 
7500 0.000031 
7600 0.000032 
7700 0.000032 
7800 0.000033 
7900 0.000033 
8000 0.000033 
8100 0.000034 
8200 0.000034 
8300 0.000034 
8400 0.000034 
8500 0.000035 
8600 0.000036 
8700 0.000036 
8800 0.000037 
8900 0.000037 
9000 0.000037 
9100 0.000038 
9200 0.000038 
9300 0.000039 
9400 0.000039 
9500 0.000039 
9600 0.000051 
9700 0.000040 
9800 0.000040 
9900 0.000041 
